[32, 128, 4, 32, 4, 4, 1.0, 70, 86, 100, 7, 8]
[32, 128, 4, 64, 4, 4, 1.0, 68, 82, 100, 7, 8]
[32, 128, 4, 128, 4, 4, 1.0, 64, 75, 100, 6, 8]
[32, 128, 4, 256, 4, 4, 1.0, 58, 66, 100, 7, 8]
[32, 128, 4, 512, 4, 4, 1.0, 52, 57, 100, 6, 8]
[32, 128, 4, 1024, 4, 4, 1.0, 44, 47, 100, 7, 8]
[32, 128, 4, 2048, 4, 4, 1.0, 37, 38, 100, 7, 8]
[32, 256, 8, 32, 4, 4, 1.0, 75, 75, 100, 6, 8]
[32, 256, 8, 64, 4, 4, 1.0, 71, 72, 100, 7, 8]
[32, 256, 8, 128, 4, 4, 1.0, 67, 66, 100, 7, 8]
[32, 256, 8, 256, 4, 4, 1.0, 61, 60, 100, 7, 8]
[32, 256, 8, 512, 4, 4, 1.0, 54, 52, 100, 6, 8]
[32, 256, 8, 1024, 4, 4, 1.0, 46, 43, 100, 7, 8]
[32, 256, 8, 2048, 4, 4, 1.0, 38, 35, 100, 7, 8]
[32, 512, 16, 32, 4, 4, 1.0, 78, 57, 100, 7, 8]
[32, 512, 16, 64, 4, 4, 1.0, 75, 55, 100, 7, 8]
[32, 512, 16, 128, 4, 4, 1.0, 70, 52, 100, 7, 8]
[32, 512, 16, 256, 4, 4, 1.0, 63, 48, 100, 7, 8]
[32, 512, 16, 512, 4, 4, 1.0, 56, 42, 100, 6, 8]
[32, 512, 16, 1024, 4, 4, 1.0, 47, 37, 100, 7, 8]
[32, 512, 16, 2048, 4, 4, 1.0, 39, 31, 100, 7, 8]
[32, 1024, 32, 32, 4, 4, 1.0, 49, 64, 100, 7, 8]
[32, 1024, 32, 64, 4, 4, 1.0, 47, 62, 100, 7, 8]
[32, 1024, 32, 128, 4, 4, 1.0, 45, 58, 100, 7, 8]
[32, 1024, 32, 256, 4, 4, 1.0, 42, 53, 100, 7, 8]
[32, 1024, 32, 512, 4, 4, 1.0, 39, 46, 100, 7, 8]
[32, 1024, 32, 1024, 4, 4, 1.0, 34, 40, 100, 7, 8]
[32, 1024, 32, 2048, 4, 4, 1.0, 30, 33, 100, 7, 8]
[32, 2048, 64, 32, 4, 4, 1.0, 49, 43, 100, 7, 8]
[32, 2048, 64, 64, 4, 4, 1.0, 47, 41, 100, 7, 8]
[32, 2048, 64, 128, 4, 4, 1.0, 45, 40, 100, 7, 8]
[32, 2048, 64, 256, 4, 4, 1.0, 42, 37, 100, 7, 8]
[32, 2048, 64, 512, 4, 4, 1.0, 39, 34, 100, 7, 8]
[32, 2048, 64, 1024, 4, 4, 1.0, 34, 30, 100, 7, 8]
[32, 2048, 64, 2048, 4, 4, 1.0, 30, 26, 100, 7, 8]
[48, 256, 8, 32, 4, 4, 1.0, 58, 81, 100, 7, 8]
[48, 256, 8, 64, 4, 4, 1.0, 56, 76, 100, 7, 8]
[48, 256, 8, 128, 4, 4, 1.0, 53, 71, 100, 7, 8]
[48, 256, 8, 256, 4, 4, 1.0, 49, 63, 100, 7, 8]
[48, 256, 8, 512, 4, 4, 1.0, 44, 54, 100, 7, 8]
[48, 256, 8, 1024, 4, 4, 1.0, 39, 45, 100, 7, 8]
[48, 256, 8, 2048, 4, 4, 1.0, 33, 36, 100, 7, 8]
[48, 512, 16, 32, 4, 4, 1.0, 78, 51, 100, 7, 8]
[48, 512, 16, 64, 4, 4, 1.0, 75, 49, 100, 7, 8]
[48, 512, 16, 128, 4, 4, 1.0, 70, 47, 100, 7, 8]
[48, 512, 16, 256, 4, 4, 1.0, 63, 43, 100, 7, 8]
[48, 512, 16, 512, 4, 4, 1.0, 56, 39, 100, 6, 8]
[48, 512, 16, 1024, 4, 4, 1.0, 47, 34, 100, 7, 8]
[48, 512, 16, 2048, 4, 4, 1.0, 39, 29, 100, 7, 8]
[48, 1024, 32, 32, 4, 4, 1.0, 49, 60, 100, 7, 8]
[48, 1024, 32, 64, 4, 4, 1.0, 47, 58, 100, 7, 8]
[48, 1024, 32, 128, 4, 4, 1.0, 45, 55, 100, 7, 8]
[48, 1024, 32, 256, 4, 4, 1.0, 42, 50, 100, 7, 8]
[48, 1024, 32, 512, 4, 4, 1.0, 39, 44, 100, 7, 8]
[48, 1024, 32, 1024, 4, 4, 1.0, 34, 38, 100, 7, 8]
[48, 1024, 32, 2048, 4, 4, 1.0, 30, 32, 100, 7, 8]
[48, 2048, 64, 32, 4, 4, 1.0, 49, 41, 100, 7, 8]
[48, 2048, 64, 64, 4, 4, 1.0, 47, 40, 100, 7, 8]
[48, 2048, 64, 128, 4, 4, 1.0, 45, 38, 100, 7, 8]
[48, 2048, 64, 256, 4, 4, 1.0, 42, 36, 100, 7, 8]
[48, 2048, 64, 512, 4, 4, 1.0, 39, 33, 100, 7, 8]
[48, 2048, 64, 1024, 4, 4, 1.0, 34, 29, 100, 7, 8]
[48, 2048, 64, 2048, 4, 4, 1.0, 30, 25, 100, 7, 8]
[64, 256, 8, 32, 4, 4, 1.0, 48, 83, 100, 7, 8]
[64, 256, 8, 64, 4, 4, 1.0, 47, 79, 100, 7, 8]
[64, 256, 8, 128, 4, 4, 1.0, 45, 73, 100, 7, 8]
[64, 256, 8, 256, 4, 4, 1.0, 42, 65, 100, 7, 8]
[64, 256, 8, 512, 4, 4, 1.0, 38, 56, 100, 7, 8]
[64, 256, 8, 1024, 4, 4, 1.0, 34, 46, 100, 7, 8]
[64, 256, 8, 2048, 4, 4, 1.0, 29, 37, 100, 7, 8]
[64, 512, 16, 32, 4, 4, 1.0, 75, 49, 100, 6, 8]
[64, 512, 16, 64, 4, 4, 1.0, 71, 48, 100, 7, 8]
[64, 512, 16, 128, 4, 4, 1.0, 67, 45, 100, 7, 8]
[64, 512, 16, 256, 4, 4, 1.0, 61, 42, 100, 7, 8]
[64, 512, 16, 512, 4, 4, 1.0, 54, 38, 100, 6, 8]
[64, 512, 16, 1024, 4, 4, 1.0, 46, 33, 100, 7, 8]
[64, 512, 16, 2048, 4, 4, 1.0, 38, 28, 100, 7, 8]
[64, 1024, 32, 32, 4, 4, 1.0, 49, 57, 100, 7, 8]
[64, 1024, 32, 64, 4, 4, 1.0, 47, 55, 100, 7, 8]
[64, 1024, 32, 128, 4, 4, 1.0, 45, 52, 100, 7, 8]
[64, 1024, 32, 256, 4, 4, 1.0, 42, 48, 100, 7, 8]
[64, 1024, 32, 512, 4, 4, 1.0, 39, 42, 100, 7, 8]
[64, 1024, 32, 1024, 4, 4, 1.0, 34, 37, 100, 7, 8]
[64, 1024, 32, 2048, 4, 4, 1.0, 30, 31, 100, 7, 8]
[64, 2048, 64, 32, 4, 4, 1.0, 49, 39, 100, 7, 8]
[64, 2048, 64, 64, 4, 4, 1.0, 47, 38, 100, 7, 8]
[64, 2048, 64, 128, 4, 4, 1.0, 45, 37, 100, 7, 8]
[64, 2048, 64, 256, 4, 4, 1.0, 42, 35, 100, 7, 8]
[64, 2048, 64, 512, 4, 4, 1.0, 39, 32, 100, 7, 8]
[64, 2048, 64, 1024, 4, 4, 1.0, 34, 28, 100, 7, 8]
[64, 2048, 64, 2048, 4, 4, 1.0, 30, 25, 100, 7, 8]
[64, 4096, 128, 32, 4, 4, 1.0, 28, 43, 100, 7, 8]
[64, 4096, 128, 64, 4, 4, 1.0, 27, 41, 100, 7, 8]
[64, 4096, 128, 128, 4, 4, 1.0, 26, 40, 100, 7, 8]
[64, 4096, 128, 256, 4, 4, 1.0, 25, 37, 100, 7, 8]
[64, 4096, 128, 512, 4, 4, 1.0, 24, 34, 100, 7, 8]
[64, 4096, 128, 1024, 4, 4, 1.0, 22, 30, 100, 7, 8]
[64, 4096, 128, 2048, 4, 4, 1.0, 20, 26, 100, 7, 8]
[128, 512, 16, 32, 4, 4, 1.0, 48, 57, 100, 7, 8]
[128, 512, 16, 64, 4, 4, 1.0, 47, 55, 100, 7, 8]
[128, 512, 16, 128, 4, 4, 1.0, 45, 52, 100, 7, 8]
[128, 512, 16, 256, 4, 4, 1.0, 42, 47, 100, 7, 8]
[128, 512, 16, 512, 4, 4, 1.0, 38, 42, 100, 7, 8]
[128, 512, 16, 1024, 4, 4, 1.0, 34, 37, 100, 7, 8]
[128, 512, 16, 2048, 4, 4, 1.0, 29, 31, 100, 7, 8]
[128, 1024, 32, 32, 4, 4, 1.0, 49, 47, 100, 7, 8]
[128, 1024, 32, 64, 4, 4, 1.0, 47, 45, 100, 7, 8]
[128, 1024, 32, 128, 4, 4, 1.0, 45, 43, 100, 7, 8]
[128, 1024, 32, 256, 4, 4, 1.0, 42, 40, 100, 7, 8]
[128, 1024, 32, 512, 4, 4, 1.0, 39, 36, 100, 7, 8]
[128, 1024, 32, 1024, 4, 4, 1.0, 34, 32, 100, 7, 8]
[128, 1024, 32, 2048, 4, 4, 1.0, 30, 27, 100, 7, 8]
[128, 2048, 64, 32, 4, 4, 1.0, 49, 34, 100, 7, 8]
[128, 2048, 64, 64, 4, 4, 1.0, 47, 33, 100, 7, 8]
[128, 2048, 64, 128, 4, 4, 1.0, 45, 32, 100, 7, 8]
[128, 2048, 64, 256, 4, 4, 1.0, 42, 30, 100, 7, 8]
[128, 2048, 64, 512, 4, 4, 1.0, 39, 28, 100, 7, 8]
[128, 2048, 64, 1024, 4, 4, 1.0, 34, 26, 100, 7, 8]
[128, 2048, 64, 2048, 4, 4, 1.0, 30, 22, 100, 7, 8]
[128, 4096, 128, 32, 4, 4, 1.0, 28, 39, 100, 7, 8]
[128, 4096, 128, 64, 4, 4, 1.0, 27, 38, 100, 7, 8]
[128, 4096, 128, 128, 4, 4, 1.0, 26, 37, 100, 7, 8]
[128, 4096, 128, 256, 4, 4, 1.0, 25, 35, 100, 7, 8]
[128, 4096, 128, 512, 4, 4, 1.0, 24, 32, 100, 7, 8]
[128, 4096, 128, 1024, 4, 4, 1.0, 22, 28, 100, 7, 8]
[128, 4096, 128, 2048, 4, 4, 1.0, 20, 25, 100, 7, 8]
[128, 8192, 256, 32, 4, 4, 1.0, 28, 24, 100, 7, 8]
[128, 8192, 256, 64, 4, 4, 1.0, 27, 24, 100, 7, 8]
[128, 8192, 256, 128, 4, 4, 1.0, 26, 23, 100, 7, 8]
[128, 8192, 256, 256, 4, 4, 1.0, 25, 22, 100, 7, 8]
[128, 8192, 256, 512, 4, 4, 1.0, 24, 21, 100, 7, 8]
[128, 8192, 256, 1024, 4, 4, 1.0, 22, 19, 100, 7, 8]
[128, 8192, 256, 2048, 4, 4, 1.0, 20, 18, 100, 7, 8]
[256, 1024, 32, 32, 4, 4, 1.0, 48, 34, 100, 7, 8]
[256, 1024, 32, 64, 4, 4, 1.0, 47, 33, 100, 7, 8]
[256, 1024, 32, 128, 4, 4, 1.0, 45, 32, 100, 7, 8]
[256, 1024, 32, 256, 4, 4, 1.0, 42, 30, 100, 7, 8]
[256, 1024, 32, 512, 4, 4, 1.0, 38, 28, 100, 7, 8]
[256, 1024, 32, 1024, 4, 4, 1.0, 34, 25, 100, 7, 8]
[256, 1024, 32, 2048, 4, 4, 1.0, 29, 22, 100, 7, 8]
[256, 2048, 64, 32, 4, 4, 1.0, 46, 29, 100, 7, 8]
[256, 2048, 64, 64, 4, 4, 1.0, 45, 28, 100, 6, 8]
[256, 2048, 64, 128, 4, 4, 1.0, 43, 27, 100, 7, 8]
[256, 2048, 64, 256, 4, 4, 1.0, 40, 26, 100, 7, 8]
[256, 2048, 64, 512, 4, 4, 1.0, 37, 24, 100, 7, 8]
[256, 2048, 64, 1024, 4, 4, 1.0, 33, 22, 100, 7, 8]
[256, 2048, 64, 2048, 4, 4, 1.0, 29, 20, 100, 6, 8]
[256, 4096, 128, 32, 4, 4, 1.0, 28, 34, 100, 7, 8]
[256, 4096, 128, 64, 4, 4, 1.0, 27, 33, 100, 7, 8]
[256, 4096, 128, 128, 4, 4, 1.0, 26, 32, 100, 7, 8]
[256, 4096, 128, 256, 4, 4, 1.0, 25, 30, 100, 7, 8]
[256, 4096, 128, 512, 4, 4, 1.0, 24, 28, 100, 7, 8]
[256, 4096, 128, 1024, 4, 4, 1.0, 22, 26, 100, 7, 8]
[256, 4096, 128, 2048, 4, 4, 1.0, 20, 22, 100, 7, 8]
[256, 8192, 256, 32, 4, 4, 1.0, 28, 22, 100, 7, 8]
[256, 8192, 256, 64, 4, 4, 1.0, 27, 22, 100, 7, 8]
[256, 8192, 256, 128, 4, 4, 1.0, 26, 21, 100, 7, 8]
[256, 8192, 256, 256, 4, 4, 1.0, 25, 20, 100, 7, 8]
[256, 8192, 256, 512, 4, 4, 1.0, 24, 19, 100, 7, 8]
[256, 8192, 256, 1024, 4, 4, 1.0, 22, 18, 100, 7, 8]
[256, 8192, 256, 2048, 4, 4, 1.0, 20, 16, 100, 7, 8]
[512, 2048, 64, 32, 4, 4, 1.0, 27, 34, 100, 7, 8]
[512, 2048, 64, 64, 4, 4, 1.0, 27, 33, 100, 7, 8]
[512, 2048, 64, 128, 4, 4, 1.0, 26, 32, 100, 7, 8]
[512, 2048, 64, 256, 4, 4, 1.0, 25, 30, 100, 7, 8]
[512, 2048, 64, 512, 4, 4, 1.0, 24, 28, 100, 7, 8]
[512, 2048, 64, 1024, 4, 4, 1.0, 22, 25, 100, 7, 8]
[512, 2048, 64, 2048, 4, 4, 1.0, 20, 22, 100, 7, 8]
[512, 4096, 128, 32, 4, 4, 1.0, 28, 27, 100, 7, 8]
[512, 4096, 128, 64, 4, 4, 1.0, 27, 26, 100, 7, 8]
[512, 4096, 128, 128, 4, 4, 1.0, 26, 26, 100, 7, 8]
[512, 4096, 128, 256, 4, 4, 1.0, 25, 24, 100, 7, 8]
[512, 4096, 128, 512, 4, 4, 1.0, 24, 23, 100, 7, 8]
[512, 4096, 128, 1024, 4, 4, 1.0, 22, 21, 100, 7, 8]
[512, 4096, 128, 2048, 4, 4, 1.0, 20, 19, 100, 7, 8]
[512, 8192, 256, 32, 4, 4, 1.0, 28, 19, 100, 7, 8]
[512, 8192, 256, 64, 4, 4, 1.0, 27, 19, 100, 7, 8]
[512, 8192, 256, 128, 4, 4, 1.0, 26, 18, 100, 7, 8]
[512, 8192, 256, 256, 4, 4, 1.0, 25, 18, 100, 7, 8]
[512, 8192, 256, 512, 4, 4, 1.0, 24, 17, 100, 7, 8]
[512, 8192, 256, 1024, 4, 4, 1.0, 22, 16, 100, 7, 8]
[512, 8192, 256, 2048, 4, 4, 1.0, 20, 14, 100, 7, 8]
[1024, 4096, 128, 32, 4, 4, 1.0, 27, 19, 100, 7, 8]
[1024, 4096, 128, 64, 4, 4, 1.0, 27, 18, 100, 7, 8]
[1024, 4096, 128, 128, 4, 4, 1.0, 26, 18, 100, 7, 8]
[1024, 4096, 128, 256, 4, 4, 1.0, 25, 17, 100, 7, 8]
[1024, 4096, 128, 512, 4, 4, 1.0, 24, 17, 100, 7, 8]
[1024, 4096, 128, 1024, 4, 4, 1.0, 22, 16, 100, 7, 8]
[1024, 4096, 128, 2048, 4, 4, 1.0, 20, 14, 100, 7, 8]
[1024, 8192, 256, 32, 4, 4, 1.0, 26, 15, 100, 7, 8]
[1024, 8192, 256, 64, 4, 4, 1.0, 25, 15, 100, 7, 8]
[1024, 8192, 256, 128, 4, 4, 1.0, 25, 15, 100, 7, 8]
[1024, 8192, 256, 256, 4, 4, 1.0, 24, 15, 100, 7, 8]
[1024, 8192, 256, 512, 4, 4, 1.0, 23, 14, 100, 7, 8]
[1024, 8192, 256, 1024, 4, 4, 1.0, 21, 13, 100, 7, 8]
[1024, 8192, 256, 2048, 4, 4, 1.0, 19, 12, 100, 7, 8]
[2048, 8192, 256, 32, 4, 4, 1.0, 14, 19, 100, 7, 8]
[2048, 8192, 256, 64, 4, 4, 1.0, 14, 18, 100, 7, 8]
[2048, 8192, 256, 128, 4, 4, 1.0, 14, 18, 100, 7, 8]
[2048, 8192, 256, 256, 4, 4, 1.0, 14, 17, 100, 7, 8]
[2048, 8192, 256, 512, 4, 4, 1.0, 13, 17, 100, 7, 8]
[2048, 8192, 256, 1024, 4, 4, 1.0, 13, 16, 100, 7, 8]
[2048, 8192, 256, 2048, 4, 4, 1.0, 12, 14, 100, 7, 8]
[32, 128, 4, 4096, 4, 4, 1.0, 29, 29, 100, 7, 8]
[32, 128, 4, 8192, 4, 4, 1.0, 23, 22, 100, 7, 8]
[32, 128, 4, 16384, 4, 4, 1.0, 18, 16, 100, 6, 8]
[32, 256, 8, 4096, 4, 4, 1.0, 30, 28, 100, 7, 8]
[32, 256, 8, 8192, 4, 4, 1.0, 23, 21, 100, 7, 8]
[32, 256, 8, 16384, 4, 4, 1.0, 18, 16, 100, 7, 8]
[32, 512, 16, 4096, 4, 4, 1.0, 31, 25, 100, 7, 8]
[32, 512, 16, 8192, 4, 4, 1.0, 24, 19, 100, 7, 8]
[32, 512, 16, 16384, 4, 4, 1.0, 18, 15, 100, 7, 8]
[32, 1024, 32, 4096, 4, 4, 1.0, 25, 26, 100, 7, 8]
[32, 1024, 32, 8192, 4, 4, 1.0, 20, 20, 100, 7, 8]
[32, 1024, 32, 16384, 4, 4, 1.0, 16, 15, 100, 7, 8]
[32, 2048, 64, 4096, 4, 4, 1.0, 25, 22, 100, 7, 8]
[32, 2048, 64, 8192, 4, 4, 1.0, 20, 17, 100, 7, 8]
[32, 2048, 64, 16384, 4, 4, 1.0, 16, 14, 100, 7, 8]
[48, 256, 8, 4096, 4, 4, 1.0, 27, 28, 100, 7, 8]
[48, 256, 8, 8192, 4, 4, 1.0, 21, 22, 100, 7, 8]
[48, 256, 8, 16384, 4, 4, 1.0, 17, 16, 100, 7, 8]
[48, 512, 16, 4096, 4, 4, 1.0, 31, 24, 100, 7, 8]
[48, 512, 16, 8192, 4, 4, 1.0, 24, 19, 100, 7, 8]
[48, 512, 16, 16384, 4, 4, 1.0, 18, 14, 100, 7, 8]
[48, 1024, 32, 4096, 4, 4, 1.0, 25, 25, 100, 7, 8]
[48, 1024, 32, 8192, 4, 4, 1.0, 20, 20, 100, 7, 8]
[48, 1024, 32, 16384, 4, 4, 1.0, 16, 15, 100, 7, 8]
[48, 2048, 64, 4096, 4, 4, 1.0, 25, 21, 100, 7, 8]
[48, 2048, 64, 8192, 4, 4, 1.0, 20, 17, 100, 7, 8]
[48, 2048, 64, 16384, 4, 4, 1.0, 16, 13, 100, 7, 8]
[64, 256, 8, 4096, 4, 4, 1.0, 25, 29, 100, 7, 8]
[64, 256, 8, 8192, 4, 4, 1.0, 20, 22, 100, 7, 8]
[64, 256, 8, 16384, 4, 4, 1.0, 16, 16, 100, 7, 8]
[64, 512, 16, 4096, 4, 4, 1.0, 30, 23, 100, 7, 8]
[64, 512, 16, 8192, 4, 4, 1.0, 23, 18, 100, 7, 8]
[64, 512, 16, 16384, 4, 4, 1.0, 18, 14, 100, 7, 8]
[64, 1024, 32, 4096, 4, 4, 1.0, 25, 25, 100, 7, 8]
[64, 1024, 32, 8192, 4, 4, 1.0, 20, 19, 100, 7, 8]
[64, 1024, 32, 16384, 4, 4, 1.0, 16, 15, 100, 7, 8]
[64, 2048, 64, 4096, 4, 4, 1.0, 25, 21, 100, 7, 8]
[64, 2048, 64, 8192, 4, 4, 1.0, 20, 17, 100, 7, 8]
[64, 2048, 64, 16384, 4, 4, 1.0, 16, 13, 100, 7, 8]
[64, 4096, 128, 4096, 4, 4, 1.0, 18, 22, 100, 7, 8]
[64, 4096, 128, 8192, 4, 4, 1.0, 15, 17, 100, 7, 8]
[64, 4096, 128, 16384, 4, 4, 1.0, 13, 14, 100, 6, 8]
[128, 512, 16, 4096, 4, 4, 1.0, 25, 25, 100, 7, 8]
[128, 512, 16, 8192, 4, 4, 1.0, 20, 19, 100, 7, 8]
[128, 512, 16, 16384, 4, 4, 1.0, 16, 15, 100, 7, 8]
[128, 1024, 32, 4096, 4, 4, 1.0, 25, 23, 100, 7, 8]
[128, 1024, 32, 8192, 4, 4, 1.0, 20, 18, 100, 7, 8]
[128, 1024, 32, 16384, 4, 4, 1.0, 16, 14, 100, 7, 8]
[128, 2048, 64, 4096, 4, 4, 1.0, 25, 19, 100, 7, 8]
[128, 2048, 64, 8192, 4, 4, 1.0, 20, 16, 100, 7, 8]
[128, 2048, 64, 16384, 4, 4, 1.0, 16, 13, 100, 7, 8]
[128, 4096, 128, 4096, 4, 4, 1.0, 18, 21, 100, 7, 8]
[128, 4096, 128, 8192, 4, 4, 1.0, 15, 17, 100, 7, 8]
[128, 4096, 128, 16384, 4, 4, 1.0, 13, 13, 100, 6, 8]
[128, 8192, 256, 4096, 4, 4, 1.0, 18, 15, 100, 7, 8]
[128, 8192, 256, 8192, 4, 4, 1.0, 15, 13, 100, 7, 8]
[128, 8192, 256, 16384, 4, 4, 1.0, 13, 11, 100, 6, 8]
[256, 1024, 32, 4096, 4, 4, 1.0, 25, 19, 100, 7, 8]
[256, 1024, 32, 8192, 4, 4, 1.0, 20, 16, 100, 7, 8]
[256, 1024, 32, 16384, 4, 4, 1.0, 16, 13, 100, 7, 8]
[256, 2048, 64, 4096, 4, 4, 1.0, 24, 17, 100, 7, 8]
[256, 2048, 64, 8192, 4, 4, 1.0, 19, 14, 100, 7, 8]
[256, 2048, 64, 16384, 4, 4, 1.0, 15, 12, 100, 7, 8]
[256, 4096, 128, 4096, 4, 4, 1.0, 18, 19, 100, 7, 8]
[256, 4096, 128, 8192, 4, 4, 1.0, 15, 16, 100, 7, 8]
[256, 4096, 128, 16384, 4, 4, 1.0, 13, 13, 100, 6, 8]
[256, 8192, 256, 4096, 4, 4, 1.0, 18, 15, 100, 7, 8]
[256, 8192, 256, 8192, 4, 4, 1.0, 15, 12, 100, 7, 8]
[256, 8192, 256, 16384, 4, 4, 1.0, 13, 10, 100, 6, 8]
[512, 2048, 64, 4096, 4, 4, 1.0, 18, 19, 100, 7, 8]
[512, 2048, 64, 8192, 4, 4, 1.0, 15, 16, 100, 7, 8]
[512, 2048, 64, 16384, 4, 4, 1.0, 12, 13, 100, 7, 8]
[512, 4096, 128, 4096, 4, 4, 1.0, 18, 16, 100, 7, 8]
[512, 4096, 128, 8192, 4, 4, 1.0, 15, 14, 100, 7, 8]
[512, 4096, 128, 16384, 4, 4, 1.0, 13, 11, 100, 6, 8]
[512, 8192, 256, 4096, 4, 4, 1.0, 18, 13, 100, 7, 8]
[512, 8192, 256, 8192, 4, 4, 1.0, 15, 11, 100, 7, 8]
[512, 8192, 256, 16384, 4, 4, 1.0, 13, 10, 100, 6, 8]
[1024, 4096, 128, 4096, 4, 4, 1.0, 18, 13, 100, 7, 8]
[1024, 4096, 128, 8192, 4, 4, 1.0, 15, 11, 100, 7, 8]
[1024, 4096, 128, 16384, 4, 4, 1.0, 12, 9, 100, 7, 8]
[1024, 8192, 256, 4096, 4, 4, 1.0, 17, 11, 100, 7, 8]
[1024, 8192, 256, 8192, 4, 4, 1.0, 15, 10, 100, 6, 8]
[1024, 8192, 256, 16384, 4, 4, 1.0, 12, 9, 100, 7, 8]
[2048, 8192, 256, 4096, 4, 4, 1.0, 11, 13, 100, 7, 8]
[2048, 8192, 256, 8192, 4, 4, 1.0, 10, 11, 100, 7, 8]
[2048, 8192, 256, 16384, 4, 4, 1.0, 9, 9, 100, 7, 8]
[32, 128, 4, 4096, 4, 4, 1.0, 29, 29, 100, 6, 7]
[32, 128, 4, 8192, 4, 4, 1.0, 23, 22, 100, 6, 7]
[32, 128, 4, 16384, 4, 4, 1.0, 18, 16, 100, 6, 8]
[32, 256, 8, 4096, 4, 4, 1.0, 30, 28, 100, 6, 7]
[32, 256, 8, 8192, 4, 4, 1.0, 23, 21, 100, 6, 7]
[32, 256, 8, 16384, 4, 4, 1.0, 18, 16, 100, 6, 7]
[32, 512, 16, 4096, 4, 4, 1.0, 31, 25, 100, 6, 7]
[32, 512, 16, 8192, 4, 4, 1.0, 24, 19, 100, 6, 8]
[32, 512, 16, 16384, 4, 4, 1.0, 18, 15, 100, 6, 7]
[32, 1024, 32, 4096, 4, 4, 1.0, 25, 26, 100, 6, 7]
[32, 1024, 32, 8192, 4, 4, 1.0, 20, 20, 100, 6, 7]
[32, 1024, 32, 16384, 4, 4, 1.0, 16, 15, 100, 6, 8]
[32, 2048, 64, 4096, 4, 4, 1.0, 25, 22, 100, 6, 7]
[32, 2048, 64, 8192, 4, 4, 1.0, 20, 17, 100, 6, 8]
[32, 2048, 64, 16384, 4, 4, 1.0, 16, 14, 100, 6, 7]
[48, 256, 8, 4096, 4, 4, 1.0, 27, 28, 100, 6, 7]
[48, 256, 8, 8192, 4, 4, 1.0, 21, 22, 100, 7, 7]
[48, 256, 8, 16384, 4, 4, 1.0, 17, 16, 100, 6, 7]
[48, 512, 16, 4096, 4, 4, 1.0, 31, 24, 100, 6, 7]
[48, 512, 16, 8192, 4, 4, 1.0, 24, 19, 100, 6, 7]
[48, 512, 16, 16384, 4, 4, 1.0, 18, 14, 100, 6, 8]
[48, 1024, 32, 4096, 4, 4, 1.0, 25, 25, 100, 6, 7]
[48, 1024, 32, 8192, 4, 4, 1.0, 20, 20, 100, 6, 7]
[48, 1024, 32, 16384, 4, 4, 1.0, 16, 15, 100, 6, 7]
[48, 2048, 64, 4096, 4, 4, 1.0, 25, 21, 100, 6, 7]
[48, 2048, 64, 8192, 4, 4, 1.0, 20, 17, 100, 6, 7]
[48, 2048, 64, 16384, 4, 4, 1.0, 16, 13, 100, 6, 8]
[64, 256, 8, 4096, 4, 4, 1.0, 25, 29, 100, 6, 7]
[64, 256, 8, 8192, 4, 4, 1.0, 20, 22, 100, 6, 7]
[64, 256, 8, 16384, 4, 4, 1.0, 16, 16, 100, 6, 8]
[64, 512, 16, 4096, 4, 4, 1.0, 30, 23, 100, 6, 7]
[64, 512, 16, 8192, 4, 4, 1.0, 23, 18, 100, 6, 8]
[64, 512, 16, 16384, 4, 4, 1.0, 18, 14, 100, 6, 8]
[64, 1024, 32, 4096, 4, 4, 1.0, 25, 25, 100, 6, 7]
[64, 1024, 32, 8192, 4, 4, 1.0, 20, 19, 100, 6, 8]
[64, 1024, 32, 16384, 4, 4, 1.0, 16, 15, 100, 6, 7]
[64, 2048, 64, 4096, 4, 4, 1.0, 25, 21, 100, 6, 7]
[64, 2048, 64, 8192, 4, 4, 1.0, 20, 17, 100, 6, 7]
[64, 2048, 64, 16384, 4, 4, 1.0, 16, 13, 100, 6, 8]
[64, 4096, 128, 4096, 4, 4, 1.0, 18, 22, 100, 6, 7]
[64, 4096, 128, 8192, 4, 4, 1.0, 15, 17, 100, 6, 8]
[64, 4096, 128, 16384, 4, 4, 1.0, 13, 14, 100, 6, 7]
[128, 512, 16, 4096, 4, 4, 1.0, 25, 25, 100, 6, 7]
[128, 512, 16, 8192, 4, 4, 1.0, 20, 19, 100, 6, 8]
[128, 512, 16, 16384, 4, 4, 1.0, 16, 15, 100, 6, 7]
[128, 1024, 32, 4096, 4, 4, 1.0, 25, 23, 100, 6, 7]
[128, 1024, 32, 8192, 4, 4, 1.0, 20, 18, 100, 6, 7]
[128, 1024, 32, 16384, 4, 4, 1.0, 16, 14, 100, 6, 7]
[128, 2048, 64, 4096, 4, 4, 1.0, 25, 19, 100, 6, 7]
[128, 2048, 64, 8192, 4, 4, 1.0, 20, 16, 100, 6, 7]
[128, 2048, 64, 16384, 4, 4, 1.0, 16, 13, 100, 6, 7]
[128, 4096, 128, 4096, 4, 4, 1.0, 18, 21, 100, 6, 7]
[128, 4096, 128, 8192, 4, 4, 1.0, 15, 17, 100, 6, 7]
[128, 4096, 128, 16384, 4, 4, 1.0, 13, 13, 100, 6, 8]
[128, 8192, 256, 4096, 4, 4, 1.0, 18, 15, 100, 6, 8]
[128, 8192, 256, 8192, 4, 4, 1.0, 15, 13, 100, 6, 8]
[128, 8192, 256, 16384, 4, 4, 1.0, 13, 11, 100, 6, 7]
[256, 1024, 32, 4096, 4, 4, 1.0, 25, 19, 100, 6, 7]
[256, 1024, 32, 8192, 4, 4, 1.0, 20, 16, 100, 6, 7]
[256, 1024, 32, 16384, 4, 4, 1.0, 16, 13, 100, 6, 7]
[256, 2048, 64, 4096, 4, 4, 1.0, 24, 17, 100, 6, 7]
[256, 2048, 64, 8192, 4, 4, 1.0, 19, 14, 100, 7, 8]
[256, 2048, 64, 16384, 4, 4, 1.0, 15, 12, 100, 7, 7]
[256, 4096, 128, 4096, 4, 4, 1.0, 18, 19, 100, 6, 7]
[256, 4096, 128, 8192, 4, 4, 1.0, 15, 16, 100, 6, 7]
[256, 4096, 128, 16384, 4, 4, 1.0, 13, 13, 100, 6, 7]
[256, 8192, 256, 4096, 4, 4, 1.0, 18, 15, 100, 6, 7]
[256, 8192, 256, 8192, 4, 4, 1.0, 15, 12, 100, 6, 8]
[256, 8192, 256, 16384, 4, 4, 1.0, 13, 10, 100, 6, 8]
[512, 2048, 64, 4096, 4, 4, 1.0, 18, 19, 100, 6, 7]
[512, 2048, 64, 8192, 4, 4, 1.0, 15, 16, 100, 6, 7]
[512, 2048, 64, 16384, 4, 4, 1.0, 12, 13, 100, 7, 7]
[512, 4096, 128, 4096, 4, 4, 1.0, 18, 16, 100, 6, 8]
[512, 4096, 128, 8192, 4, 4, 1.0, 15, 14, 100, 6, 7]
[512, 4096, 128, 16384, 4, 4, 1.0, 13, 11, 100, 6, 8]
[512, 8192, 256, 4096, 4, 4, 1.0, 18, 13, 100, 6, 7]
[512, 8192, 256, 8192, 4, 4, 1.0, 15, 11, 100, 6, 8]
[512, 8192, 256, 16384, 4, 4, 1.0, 13, 10, 100, 6, 7]
[1024, 4096, 128, 4096, 4, 4, 1.0, 18, 13, 100, 6, 7]
[1024, 4096, 128, 8192, 4, 4, 1.0, 15, 11, 100, 6, 8]
[1024, 4096, 128, 16384, 4, 4, 1.0, 12, 9, 100, 7, 8]
[1024, 8192, 256, 4096, 4, 4, 1.0, 17, 11, 100, 6, 8]
[1024, 8192, 256, 8192, 4, 4, 1.0, 15, 10, 100, 6, 8]
[1024, 8192, 256, 16384, 4, 4, 1.0, 12, 9, 100, 7, 7]
[2048, 8192, 256, 4096, 4, 4, 1.0, 11, 13, 100, 7, 7]
[2048, 8192, 256, 8192, 4, 4, 1.0, 10, 11, 100, 7, 8]
[2048, 8192, 256, 16384, 4, 4, 1.0, 9, 9, 100, 6, 8]
