[128, 512, 16, 32, 4, 4, 1.0, 48, 57, 100, 7, 8]
[128, 512, 16, 64, 4, 4, 1.0, 47, 55, 100, 7, 8]
[128, 512, 16, 128, 4, 4, 1.0, 45, 52, 100, 7, 8]
[128, 512, 16, 256, 4, 4, 1.0, 42, 47, 100, 7, 8]
[128, 512, 16, 512, 4, 4, 1.0, 38, 42, 100, 7, 8]
[128, 512, 16, 1024, 4, 4, 1.0, 34, 37, 100, 7, 8]
[128, 512, 16, 2048, 4, 4, 1.0, 29, 31, 100, 7, 8]
[128, 512, 16, 4096, 4, 4, 1.0, 25, 25, 100, 7, 8]
[128, 1024, 32, 32, 4, 4, 1.0, 49, 47, 100, 7, 8]
[128, 1024, 32, 64, 4, 4, 1.0, 47, 45, 100, 7, 8]
[128, 1024, 32, 128, 4, 4, 1.0, 45, 43, 100, 7, 8]
[128, 1024, 32, 256, 4, 4, 1.0, 42, 40, 100, 7, 8]
[128, 1024, 32, 512, 4, 4, 1.0, 39, 36, 100, 7, 8]
[128, 1024, 32, 1024, 4, 4, 1.0, 34, 32, 100, 7, 8]
[128, 1024, 32, 2048, 4, 4, 1.0, 30, 27, 100, 7, 8]
[128, 1024, 32, 4096, 4, 4, 1.0, 25, 23, 100, 7, 8]
[128, 2048, 64, 32, 4, 4, 1.0, 49, 34, 100, 7, 8]
[128, 2048, 64, 64, 4, 4, 1.0, 47, 33, 100, 7, 8]
[128, 2048, 64, 128, 4, 4, 1.0, 45, 32, 100, 7, 8]
[128, 2048, 64, 256, 4, 4, 1.0, 42, 30, 100, 7, 8]
[128, 2048, 64, 512, 4, 4, 1.0, 39, 28, 100, 7, 8]
[128, 2048, 64, 1024, 4, 4, 1.0, 34, 26, 100, 7, 8]
[128, 2048, 64, 2048, 4, 4, 1.0, 30, 22, 100, 7, 8]
[128, 2048, 64, 4096, 4, 4, 1.0, 25, 19, 100, 7, 8]
[128, 4096, 128, 32, 4, 4, 1.0, 28, 39, 100, 7, 8]
[128, 4096, 128, 64, 4, 4, 1.0, 27, 38, 100, 7, 8]
[128, 4096, 128, 128, 4, 4, 1.0, 26, 37, 100, 7, 8]
[128, 4096, 128, 256, 4, 4, 1.0, 25, 35, 100, 7, 8]
[128, 4096, 128, 512, 4, 4, 1.0, 24, 32, 100, 7, 8]
[128, 4096, 128, 1024, 4, 4, 1.0, 22, 28, 100, 7, 8]
[128, 4096, 128, 2048, 4, 4, 1.0, 20, 25, 100, 7, 8]
[128, 4096, 128, 4096, 4, 4, 1.0, 18, 21, 100, 7, 8]
[128, 8192, 256, 32, 4, 4, 1.0, 28, 24, 100, 7, 8]
[128, 8192, 256, 64, 4, 4, 1.0, 27, 24, 100, 7, 8]
[128, 8192, 256, 128, 4, 4, 1.0, 26, 23, 100, 7, 8]
[128, 8192, 256, 256, 4, 4, 1.0, 25, 22, 100, 7, 8]
[128, 8192, 256, 512, 4, 4, 1.0, 24, 21, 100, 7, 8]
[128, 8192, 256, 1024, 4, 4, 1.0, 22, 19, 100, 7, 8]
[128, 8192, 256, 2048, 4, 4, 1.0, 20, 18, 100, 7, 8]
[128, 8192, 256, 4096, 4, 4, 1.0, 18, 15, 100, 7, 8]
